https://maps.openrouteservice.org


2020_11_21_to_2020_11_29

https://maps.openrouteservice.org/directions?n1=38.565348&n2=-109.786377&n3=6&a=37.35411,-121.95524,36.190364,-115.279104,36.1326,-115.424263,37.219745,-112.973543,37.472674,-112.264884,38.291378,-111.261982,38.473394,-109.809557,38.61649,-109.61995,36.430038,-114.513762,37.35411,-121.95524&b=0&c=0&k1=en-US&k2=km


2020_12_24_to_2021_01_03

https://maps.openrouteservice.org/directions?n1=43.2932&n2=-122.772217&n3=6&a=37.35411,-121.95524,41.254802,-122.134748,44.866495,-122.645612,44.919112,-122.983704,45.52345,-122.67621,45.57706,-122.11718,45.518819,-122.707853,46.745978,-121.925583,48.099407,-123.425594,47.860052,-123.934836,47.024972,-122.917614,48.511472,-122.219983,48.727209,-121.062126,47.76232,-122.2054,46.97623,-123.8094,46.20038,-123.97098,45.919469,-123.97431,44.729046,-124.053615,41.797044,-124.086461,41.789078,-124.085502,41.804078,-124.147396,41.750265,-124.199322,41.372932,-124.013948,37.35411,-121.95524&b=0&c=0&k1=en-US&k2=km